image: hi.png
resolution: 0.050000
origin: [-45.224998, -54.224998, 0.000000]
negate: 0
occupied_thresh: 0.65
free_thresh: 0.196