image: levine_ob.png
resolution: 0.050000
origin: [-40.224998, -60.004998, 0.000000]
negate: 0
occupied_thresh: 0.65
free_thresh: 0.196

